Can -->

Pose from PoseNet                                                                                                                                                             
 Rotation
[[ 0.96078351  0.10171741 -0.25797017]
 [-0.12038224 -0.68506099 -0.71847029]
 [-0.24980624  0.72134944 -0.64595033]]
 translation
[ 0.05490967 -0.09995912  1.0277969 ]
Add score --> 0.014950967112000052                                                                                                                                            
Pose from PoseRefineNet iteration 0                                                                                                                                           
 Rotation
[[ 0.97557506  0.05463853 -0.21276263]
 [-0.12936234 -0.63990005 -0.75749146]
 [-0.17753503  0.76651325 -0.61720236]]
 translation
[ 0.06025716 -0.09600635  1.03178815]
Add score --> 0.007163126910274663                                                                                                                                            
Pose from PoseRefineNet iteration 1                                                                                                                                           
 Rotation
[[ 0.98196113  0.03808152 -0.18520834]
 [-0.11977151 -0.63266772 -0.76510545]
 [-0.14631172  0.7734865  -0.61669403]]
 translation
[ 0.06059904 -0.09434775  1.03385043]
Add score --> 0.004737702262407145                                                                                                                                            
Final pose                                                                                                                                                                    
 Rotation
[[ 0.98196113  0.03808152 -0.18520834]
 [-0.11977151 -0.63266772 -0.76510545]
 [-0.14631172  0.7734865  -0.61669403]]
 translation
[ 0.06059904 -0.09434775  1.03385043]
Add score --> 0.004737702262407145

Iron -->

Pose from PoseNet                                                                                                                                                             
 Rotation
[[-0.12241573 -0.97087314 -0.2059605 ]
 [-0.8729594   0.20406026 -0.44305903]
 [ 0.47218247  0.12555776 -0.87251302]]
 translation
[ 0.02336708 -0.00786428  1.0334655 ]
Add score --> 0.022936722373459326                                                                                                                                            
Pose from PoseRefineNet iteration 0                                                                                                                                           
 Rotation
[[-0.07621163 -0.99182936 -0.102305  ]
 [-0.90244451  0.11224525 -0.41592657]
 [ 0.42401143  0.06062614 -0.90362535]]
 translation
[ 0.02611672 -0.01583017  1.03415669]
Add score --> 0.01312056280453594                                                                                                                                             
Pose from PoseRefineNet iteration 1                                                                                                                                           
 Rotation
[[-0.04049457 -0.99793368 -0.04988557]
 [-0.91270561  0.05726093 -0.40458579]
 [ 0.40660628  0.02914731 -0.91313842]]
 translation
[ 0.02985189 -0.02165603  1.03602284]
Add score --> 0.005807672665230713                                                                                                                                            
Final pose                                                                                                                                                                    
 Rotation
[[-0.04049457 -0.99793368 -0.04988557]
 [-0.91270561  0.05726093 -0.40458579]
 [ 0.40660628  0.02914731 -0.91313842]]
 translation
[ 0.02985189 -0.02165603  1.03602284]
Succes rate 1.0000 Distance 0.0058: